1776065643094 0.001 0
1776065679766 0.001 1
1776065717921 0.001 2
1776065755530 0.001 3
1776065793302 0.001 4
1776065831178 0.001 5
1776065869439 0.001 6
1776065908465 0.001 7
1776065946733 0.001 8
1776065985040 0.001 9
1776066023378 0.001 10
1776066061822 0.001 11
1776066100290 0.001 12
1776066138788 0.001 13
1776066177336 0.001 14
1776066215922 0.001 15
1776066254441 0.001 16
1776066293073 0.001 17
1776066331833 0.0005 18
1776066370513 0.0005 19
1776066409220 0.0005 20
1776066447923 0.0005 21
