1776065643094 0.6687481501870904 0
1776065679766 0.6549887787704626 1
1776065717921 0.6486224500108356 2
1776065755530 0.6441747824515193 3
1776065793302 0.6191373593058468 4
1776065831178 0.6280014197195857 5
1776065869439 0.6157391546678938 6
1776065908465 0.6108853257884664 7
1776065946733 0.6164363132528037 8
1776065985040 0.6076698790897023 9
1776066023378 0.6075195904113044 10
1776066061822 0.608348071821465 11
1776066100290 0.6040923890988689 12
1776066138788 0.6028634839314074 13
1776066177336 0.6028890612204213 14
1776066215922 0.6029618655847124 15
1776066254441 0.6041617849148995 16
1776066293073 0.5966740757965845 17
1776066331833 0.5874469009312716 18
1776066370513 0.5791810834703367 19
1776066409220 0.5765231594073871 20
1776066447923 0.5653256525185483 21
