1776062952500 0.001 0
1776062962806 0.001 1
1776062973123 0.001 2
1776062983580 0.001 3
1776062994184 0.001 4
1776063004631 0.001 5
1776063015148 0.001 6
1776063025568 0.001 7
1776063036336 0.001 8
1776063046938 0.001 9
1776063057544 0.001 10
1776063068081 0.001 11
1776063078702 0.001 12
1776063089197 0.001 13
1776063099764 0.001 14
1776063110454 0.001 15
1776063120906 0.001 16
1776063131507 0.001 17
1776063142055 0.001 18
1776063152780 0.001 19
1776063163402 0.001 20
1776063173900 0.001 21
1776063184384 0.001 22
1776063195047 0.001 23
1776063205844 0.001 24
1776063216484 0.001 25
1776063227171 0.001 26
1776063237846 0.001 27
1776063248702 0.001 28
1776063259421 0.001 29
1776063270274 0.001 30
1776063281126 0.001 31
1776063292240 0.001 32
1776063303191 0.001 33
1776063313874 0.001 34
1776063324621 0.001 35
1776063335481 0.0005 36
1776063346294 0.0005 37
1776063356865 0.0005 38
1776063367707 0.0005 39
1776063378381 0.0005 40
1776063388932 0.0005 41
1776063399668 0.0005 42
1776063410182 0.00025 43
1776063420893 0.00025 44
1776063431668 0.00025 45
1776063442233 0.00025 46
