1776062952500 0.6530047029745384 0
1776062962806 0.6410063710369047 1
1776062973123 0.6202737684132623 2
1776062983580 0.6208225601032132 3
1776062994184 0.6240569196763586 4
1776063004631 0.6082806059571563 5
1776063015148 0.5988116557480859 6
1776063025568 0.5930559444622915 7
1776063036336 0.6026218069381402 8
1776063046938 0.5870799031413969 9
1776063057544 0.5860383491047093 10
1776063068081 0.5890621376819298 11
1776063078702 0.5795777024792843 12
1776063089197 0.5719225382218596 13
1776063099764 0.5769505964927986 14
1776063110454 0.5604834942544092 15
1776063120906 0.5754147079147276 16
1776063131507 0.5545077377655467 17
1776063142055 0.5514427272022747 18
1776063152780 0.5432297626479727 19
1776063163402 0.5393741746417812 20
1776063173900 0.5461552455777028 21
1776063184384 0.5379236042499542 22
1776063195047 0.524857684237058 23
1776063205844 0.5247336020235156 24
1776063216484 0.5092234225546728 25
1776063227171 0.516524332468627 26
1776063237846 0.4972140495894385 27
1776063248702 0.48874244338176287 28
1776063259421 0.4908749153379534 29
1776063270274 0.4825756926028455 30
1776063281126 0.48498492162735735 31
1776063292240 0.4782155581185075 32
1776063303191 0.47258127761668844 33
1776063313874 0.46800863156553174 34
1776063324621 0.4438476003095752 35
1776063335481 0.4204375912420085 36
1776063346294 0.39470443666958416 37
1776063356865 0.38623515699730543 38
1776063367707 0.38644031093257375 39
1776063378381 0.3753789848968631 40
1776063388932 0.3788334715073226 41
1776063399668 0.3517685820821856 42
1776063410182 0.352299875045409 43
1776063420893 0.3191814806129112 44
1776063431668 0.33379835464426727 45
1776063442233 0.3065028679175455 46
