1776064752566 0.001 0
1776064779533 0.001 1
1776064806512 0.001 2
1776064833569 0.001 3
1776064860572 0.001 4
1776064887576 0.001 5
1776064914662 0.001 6
1776064941761 0.001 7
1776064968803 0.0005 8
1776064995867 0.0005 9
1776065023363 0.0005 10
1776065050814 0.0005 11
1776065077854 0.0005 12
1776065104909 0.0005 13
1776065132046 0.0005 14
1776065159160 0.0005 15
1776065186279 0.0005 16
1776065213401 0.0005 17
1776065240592 0.0005 18
1776065267754 0.0005 19
1776065295089 0.0005 20
1776065322218 0.0005 21
1776065349293 0.0005 22
1776065376401 0.0005 23
1776065403490 0.0005 24
1776065430590 0.00025 25
1776065457696 0.00025 26
1776065484838 0.00025 27
1776065511992 0.00025 28
