1776064752566 0.7114898581973842 0
1776064779533 0.6713800899318008 1
1776064806512 0.654312545158824 2
1776064833569 0.6382435286631349 3
1776064860572 0.6348824764861435 4
1776064887576 0.6314262586538909 5
1776064914662 0.6279348574700903 6
1776064941761 0.6268149541049707 7
1776064968803 0.6139382001806478 8
1776064995867 0.6072520975206719 9
1776065023363 0.61065524621088 10
1776065050814 0.6007741909535205 11
1776065077854 0.5990636827515774 12
1776065104909 0.6000261360504588 13
1776065132046 0.597807277910045 14
1776065159160 0.6076973833021571 15
1776065186279 0.5887080816949 16
1776065213401 0.5929552663545139 17
1776065240592 0.5859955304958782 18
1776065267754 0.5851681774756947 19
1776065295089 0.5962534361198301 20
1776065322218 0.58354879500436 21
1776065349293 0.5808893676664009 22
1776065376401 0.5743301178588242 23
1776065403490 0.5662831566372856 24
1776065430590 0.5748478638344123 25
1776065457696 0.5658068827918319 26
1776065484838 0.5617835077105976 27
1776065511992 0.5590863916717592 28
