1776063532926 0.001 0
1776063552959 0.001 1
1776063573034 0.001 2
1776063593131 0.001 3
1776063613364 0.001 4
1776063633678 0.001 5
1776063653997 0.001 6
1776063674360 0.001 7
1776063694807 0.001 8
1776063715236 0.001 9
1776063735827 0.001 10
1776063756424 0.001 11
1776063777071 0.001 12
1776063797726 0.001 13
1776063818752 0.001 14
1776063839509 0.001 15
1776064119603 0.001 16
1776064139475 0.0005 17
1776064159405 0.0005 18
1776064179383 0.0005 19
1776064199435 0.0005 20
1776064219363 0.0005 21
1776064239391 0.0005 22
1776064259450 0.0005 23
1776064279614 0.0005 24
1776064299863 0.0005 25
1776064320111 0.0005 26
1776064340421 0.00025 27
1776064360830 0.00025 28
1776064381286 0.00025 29
1776064401813 0.00025 30
