1776063532926 0.6862733061196374 0
1776063552959 0.6430840589961068 1
1776063573034 0.630156859022672 2
1776063593131 0.6156263576179254 3
1776063613364 0.6176778219762395 4
1776063633678 0.6108110038960566 5
1776063653997 0.6039857243905302 6
1776063674360 0.6044730856770375 7
1776063694807 0.6137239351624348 8
1776063715236 0.5994762196892598 9
1776063735827 0.5959659907661501 10
1776063756424 0.596999642790341 11
1776063777071 0.6038724511373238 12
1776063797726 0.6009308558995606 13
1776063818752 0.5910458989807816 14
1776063839509 0.5961910119799317 15
1776064119603 0.6021975361910022 16
1776064139475 0.5736465336846523 17
1776064159405 0.5695224585103207 18
1776064179383 0.571358852210592 19
1776064199435 0.5671888194123252 20
1776064219363 0.5654662251472473 21
1776064239391 0.5632324511887598 22
1776064259450 0.5675692739056759 23
1776064279614 0.5562984821249227 24
1776064299863 0.5601739160350112 25
1776064320111 0.5509085445130457 26
1776064340421 0.535257061973947 27
1776064360830 0.5498175972797832 28
1776064381286 0.5333440088834919 29
1776064401813 0.5354233818953155 30
