1776067068733 0.576474634838886 0
1776067084265 0.4991067388995749 1
1776067099661 0.43533777677622 2
1776067115543 0.38924898280472053 3
1776067131593 0.34878386337249007 4
1776067147432 0.29261193803099333 5
1776067163306 0.239457583573998 6
1776067180000 0.18096361577999395 7
1776067195966 0.18471351272014322 8
1776067212491 0.13344348722794017 9
1776067228960 0.10301171237083732 10
1776067245303 0.05992247999386221 11
1776067261798 0.0430071725868849 12
1776067277834 0.016210421919822693 13
1776067294200 0.006251312328548339 14
1776067310273 0.0041557569371643245 15
1776067326093 0.0026552155165413976 16
